----------------------------------- 
  1 
 15 
  4 
225 
 52   47   36   10   44   71   12    8   37    4   20   48   15   72   67  
 44   45   51   53   58   37   34   18    9   40   81    2   24   94   23  
----------------------------------- 
  2 
 15 
  4 
263 
  3   93   71   20   87   42   24   16   74    7   39   95   29   44   33  
 87   90    2    6   15   73   68   35   18   79   61    3   47   87   46  
----------------------------------- 
  3 
 15 
  4 
228 
 54   39    6   29   31   13   35   24   11   11   58   42   44   16   99  
 30   34   53   59   72    9    1   52   26   19   42    4   70   81   69  
----------------------------------- 
  4 
 15 
  4 
267 
  6   85   41   39   74   84   47   32   48   14   77   89   58   88   65  
 73   79    4   12   30   45   35   70   35   58   22    5   94   74   91  
----------------------------------- 
  5 
 15 
  4 
269 
 57   31   76   48   17   55   58   40   85   17   97   36   73   59   31  
 16   24   55   65   87   81   69   87   44   97    3    6   17   67   14  
----------------------------------- 
  6 
 15 
  4 
196 
  8   77   11   58   61   26   70   47   22   21   16   83   87   31   98  
 60   68    5   17   44   17    2    4   52   37   83    7   40   61   37  
----------------------------------- 
  7 
 15 
  4 
236 
 60   23   46   67    4   97   82   55   59   24   35   30    2    3   64  
  3   13   56   70    2   53   36   22   61   76   64    8   64   54   59  
----------------------------------- 
  8 
 15 
  4 
273 
 11   69   81   77   47   68   93   63   96   27   54   78   16   75   30  
 46   57    7   23   59   89   70   39   69   15   44    9   87   48   82  
----------------------------------- 
  9 
 15 
  4 
201 
 62   15   16   86   91   39    5   71   33   31   73   25   31   47   96  
 89    2   58   76   16   25    3   56   78   55   24   10   10   41    5  
----------------------------------- 
 10 
 15 
  4 
241 
 13   61   51   96   34   10   16   79   70   34   93   72   45   18   62  
 32   47    9   29   73   61   37   74   87   94    5   12   34   34   27  
----------------------------------- 
  1 
 15 
  8 
144 
 52   47   36   10   44   71   12    8   37    4   20   48   15   72   67  
 44   45   51   53   58   37   34   18    9   40   81    2   24   94   23  
----------------------------------- 
  2 
 15 
  8 
168 
  3   93   71   20   87   42   24   16   74    7   39   95   29   44   33  
 87   90    2    6   15   73   68   35   18   79   61    3   47   87   46  
----------------------------------- 
  3 
 15 
  8 
145 
 54   39    6   29   31   13   35   24   11   11   58   42   44   16   99  
 30   34   53   59   72    9    1   52   26   19   42    4   70   81   69  
----------------------------------- 
  4 
 15 
  8 
170 
  6   85   41   39   74   84   47   32   48   14   77   89   58   88   65  
 73   79    4   12   30   45   35   70   35   58   22    5   94   74   91  
----------------------------------- 
  5 
 15 
  8 
171 
 57   31   76   48   17   55   58   40   85   17   97   36   73   59   31  
 16   24   55   65   87   81   69   87   44   97    3    6   17   67   14  
----------------------------------- 
  6 
 15 
  8 
125 
  8   77   11   58   61   26   70   47   22   21   16   83   87   31   98  
 60   68    5   17   44   17    2    4   52   37   83    7   40   61   37  
----------------------------------- 
  7 
 15 
  8 
150 
 60   23   46   67    4   97   82   55   59   24   35   30    2    3   64  
  3   13   56   70    2   53   36   22   61   76   64    8   64   54   59  
----------------------------------- 
  8 
 15 
  8 
174 
 11   69   81   77   47   68   93   63   96   27   54   78   16   75   30  
 46   57    7   23   59   89   70   39   69   15   44    9   87   48   82  
----------------------------------- 
  9 
 15 
  8 
128 
 62   15   16   86   91   39    5   71   33   31   73   25   31   47   96  
 89    2   58   76   16   25    3   56   78   55   24   10   10   41    5  
----------------------------------- 
 10 
 15 
  8 
153 
 13   61   51   96   34   10   16   79   70   34   93   72   45   18   62  
 32   47    9   29   73   61   37   74   87   94    5   12   34   34   27  
----------------------------------- 
  1 
 15 
 12 
100 
 58   59   35   55   77   93   96   96    5   22   31    1    2   75   11  
 91   67   70   86   96   82   78   32   91   77   19   61   45   78   23  
----------------------------------- 
  2 
 15 
 12 
101 
 38   54   35    6   84   93   53   18   23   11   69   36   33   68   91  
 69   68   90   16   81   88   93   66   73   45   94   31   70   62   59  
----------------------------------- 
  3 
 15 
 12 
 76 
 17   89   76   55   63    4   83   74  100   75   51   94   40   57   13  
 45   70    7   38   61   75   55   37   54   48   68   47   66   24   64  
----------------------------------- 
  4 
 15 
 12 
 93 
 64   44   55   63   88  100   51   97   91   21    2   74  100   54   77  
 88   85   85   82   58   10   43   83   49   50   64   10   54   93   73  
----------------------------------- 
  5 
 15 
 12 
 79 
  7   40   82   86   37   28   88   77   45   78   78   79   70   44   30  
 74   57   43   53   62   36   29   59   79   68   23   49   31   69   49  
----------------------------------- 
  6 
 15 
 12 
 87 
  8   48   27   86   47   54   28   63    7   32    5   84  100   64   16  
 53   38   83   60   76    1   68   44   64   67   55   26   61   83   82  
----------------------------------- 
  7 
 15 
 12 
 93 
 70   98   26   33   12   69   33   82   24   20   83    2   79   31    8  
 62   86    1   72   72   85   82   49    6   90   75   51   84   51   61  
----------------------------------- 
  8 
 15 
 12 
 97 
 64   65   44   31   78   27   67   53   27   54   46   48   75   72   77  
 60   48   93   95   21   58   82   53   76   78   87   94   23   81   15  
----------------------------------- 
  9 
 15 
 12 
 97 
 68   35   22   26    2   17   75   52   71   46   42   77    1   70   16  
 89   35   78   86   13   72   35   70   84   96   93   12   85   66   54  
----------------------------------- 
 10 
 15 
 12 
108 
 27   70   36   56    5   65   24   46   63   25   80    2   46   27   32  
 92   84   75   97   91  100   39   81  100    8   52   77   55   71   57  
