----------------------------------- 
  1 
 15 
  4 
225 
 52   47   36   10   44   71   12    8   37    4   20   48   15   72   67  
 44   45   51   53   58   37   34   18    9   40   81    2   24   94   23  
----------------------------------- 
  2 
 15 
  4 
263 
  3   93   71   20   87   42   24   16   74    7   39   95   29   44   33  
 87   90    2    6   15   73   68   35   18   79   61    3   47   87   46  
----------------------------------- 
  3 
 15 
  4 
228 
 54   39    6   29   31   13   35   24   11   11   58   42   44   16   99  
 30   34   53   59   72    9    1   52   26   19   42    4   70   81   69  
----------------------------------- 
  4 
 15 
  4 
267 
  6   85   41   39   74   84   47   32   48   14   77   89   58   88   65  
 73   79    4   12   30   45   35   70   35   58   22    5   94   74   91  
----------------------------------- 
  5 
 15 
  4 
269 
 57   31   76   48   17   55   58   40   85   17   97   36   73   59   31  
 16   24   55   65   87   81   69   87   44   97    3    6   17   67   14  
----------------------------------- 
  6 
 15 
  4 
196 
  8   77   11   58   61   26   70   47   22   21   16   83   87   31   98  
 60   68    5   17   44   17    2    4   52   37   83    7   40   61   37  
----------------------------------- 
  7 
 15 
  4 
236 
 60   23   46   67    4   97   82   55   59   24   35   30    2    3   64  
  3   13   56   70    2   53   36   22   61   76   64    8   64   54   59  
----------------------------------- 
  8 
 15 
  4 
273 
 11   69   81   77   47   68   93   63   96   27   54   78   16   75   30  
 46   57    7   23   59   89   70   39   69   15   44    9   87   48   82  
----------------------------------- 
  9 
 15 
  4 
201 
 62   15   16   86   91   39    5   71   33   31   73   25   31   47   96  
 89    2   58   76   16   25    3   56   78   55   24   10   10   41    5  
----------------------------------- 
 10 
 15 
  4 
241 
 13   61   51   96   34   10   16   79   70   34   93   72   45   18   62  
 32   47    9   29   73   61   37   74   87   94    5   12   34   34   27  
----------------------------------- 
  1 
 15 
  8 
144 
 52   47   36   10   44   71   12    8   37    4   20   48   15   72   67  
 44   45   51   53   58   37   34   18    9   40   81    2   24   94   23  
----------------------------------- 
  2 
 15 
  8 
168 
  3   93   71   20   87   42   24   16   74    7   39   95   29   44   33  
 87   90    2    6   15   73   68   35   18   79   61    3   47   87   46  
----------------------------------- 
  3 
 15 
  8 
145 
 54   39    6   29   31   13   35   24   11   11   58   42   44   16   99  
 30   34   53   59   72    9    1   52   26   19   42    4   70   81   69  
----------------------------------- 
  4 
 15 
  8 
170 
  6   85   41   39   74   84   47   32   48   14   77   89   58   88   65  
 73   79    4   12   30   45   35   70   35   58   22    5   94   74   91  
----------------------------------- 
  5 
 15 
  8 
171 
 57   31   76   48   17   55   58   40   85   17   97   36   73   59   31  
 16   24   55   65   87   81   69   87   44   97    3    6   17   67   14  
----------------------------------- 
  6 
 15 
  8 
125 
  8   77   11   58   61   26   70   47   22   21   16   83   87   31   98  
 60   68    5   17   44   17    2    4   52   37   83    7   40   61   37  
----------------------------------- 
  7 
 15 
  8 
150 
 60   23   46   67    4   97   82   55   59   24   35   30    2    3   64  
  3   13   56   70    2   53   36   22   61   76   64    8   64   54   59  
----------------------------------- 
  8 
 15 
  8 
174 
 11   69   81   77   47   68   93   63   96   27   54   78   16   75   30  
 46   57    7   23   59   89   70   39   69   15   44    9   87   48   82  
----------------------------------- 
  9 
 15 
  8 
128 
 62   15   16   86   91   39    5   71   33   31   73   25   31   47   96  
 89    2   58   76   16   25    3   56   78   55   24   10   10   41    5  
----------------------------------- 
 10 
 15 
  8 
153 
 13   61   51   96   34   10   16   79   70   34   93   72   45   18   62  
 32   47    9   29   73   61   37   74   87   94    5   12   34   34   27  
----------------------------------- 
  1 
 15 
 12 
100 
 58   59   35   55   77   93   96   96    5   22   31    1    2   75   11  
 91   67   70   86   96   82   78   32   91   77   19   61   45   78   23  
----------------------------------- 
  2 
 15 
 12 
101 
 38   54   35    6   84   93   53   18   23   11   69   36   33   68   91  
 69   68   90   16   81   88   93   66   73   45   94   31   70   62   59  
----------------------------------- 
  3 
 15 
 12 
 76 
 17   89   76   55   63    4   83   74  100   75   51   94   40   57   13  
 45   70    7   38   61   75   55   37   54   48   68   47   66   24   64  
----------------------------------- 
  4 
 15 
 12 
 93 
 64   44   55   63   88  100   51   97   91   21    2   74  100   54   77  
 88   85   85   82   58   10   43   83   49   50   64   10   54   93   73  
----------------------------------- 
  5 
 15 
 12 
 79 
  7   40   82   86   37   28   88   77   45   78   78   79   70   44   30  
 74   57   43   53   62   36   29   59   79   68   23   49   31   69   49  
----------------------------------- 
  6 
 15 
 12 
 87 
  8   48   27   86   47   54   28   63    7   32    5   84  100   64   16  
 53   38   83   60   76    1   68   44   64   67   55   26   61   83   82  
----------------------------------- 
  7 
 15 
 12 
 93 
 70   98   26   33   12   69   33   82   24   20   83    2   79   31    8  
 62   86    1   72   72   85   82   49    6   90   75   51   84   51   61  
----------------------------------- 
  8 
 15 
 12 
 97 
 64   65   44   31   78   27   67   53   27   54   46   48   75   72   77  
 60   48   93   95   21   58   82   53   76   78   87   94   23   81   15  
----------------------------------- 
  9 
 15 
 12 
 97 
 68   35   22   26    2   17   75   52   71   46   42   77    1   70   16  
 89   35   78   86   13   72   35   70   84   96   93   12   85   66   54  
----------------------------------- 
 10 
 15 
 12 
108 
 27   70   36   56    5   65   24   46   63   25   80    2   46   27   32  
 92   84   75   97   91  100   39   81  100    8   52   77   55   71   57  
----------------------------------- 
  1 
 18 
  5 
280 
 52   47   36   10   44   71   12    8   37    4   20   48   15   72   67   44   45   51  
 53   58   37   34   18    9   40   81    2   24   94   23   79   42   12   64   87   16  
----------------------------------- 
  2 
 18 
  5 
302 
  3   93   71   20   87   42   24   16   74    7   39   95   29   44   33   87   90    2  
  6   15   73   68   35   18   79   61    3   47   87   46   58   83   24   27   73   32  
----------------------------------- 
  3 
 18 
  5 
289 
 54   39    6   29   31   13   35   24   11   11   58   42   44   16   99   30   34   53  
 59   72    9    1   52   26   19   42    4   70   81   69   36   24   36   91   59   48  
----------------------------------- 
  4 
 18 
  5 
312 
  6   85   41   39   74   84   47   32   48   14   77   89   58   88   65   73   79    4  
 12   30   45   35   70   35   58   22    5   94   74   91   15   65   48   54   45   64  
----------------------------------- 
  5 
 18 
  5 
335 
 57   31   76   48   17   55   58   40   85   17   97   36   73   59   31   16   24   55  
 65   87   81   69   87   44   97    3    6   17   67   14   93    6   60   18   32   80  
----------------------------------- 
  6 
 18 
  5 
284 
  8   77   11   58   61   26   70   47   22   21   16   83   87   31   98   60   68    5  
 17   44   17    2    4   52   37   83    7   40   61   37   72   47   72   81   18   95  
----------------------------------- 
  7 
 18 
  5 
308 
 60   23   46   67    4   97   82   55   59   24   35   30    2    3   64    3   13   56  
 70    2   53   36   22   61   76   64    8   64   54   59   51   88   84   45    4   11  
----------------------------------- 
  8 
 18 
  5 
330 
 11   69   81   77   47   68   93   63   96   27   54   78   16   75   30   46   57    7  
 23   59   89   70   39   69   15   44    9   87   48   82   29   29   96    8   90   27  
----------------------------------- 
  9 
 18 
  5 
245 
 62   15   16   86   91   39    5   71   33   31   73   25   31   47   96   89    2   58  
 76   16   25    3   56   78   55   24   10   10   41    5    8   70    8   71   77   43  
----------------------------------- 
 10 
 18 
  5 
304 
 13   61   51   96   34   10   16   79   70   34   93   72   45   18   62   32   47    9  
 29   73   61   37   74   87   94    5   12   34   34   27   86   11   20   35   63   59  
----------------------------------- 
  1 
 18 
  9 
194 
 52   47   36   10   44   71   12    8   37    4   20   48   15   72   67   44   45   51  
 53   58   37   34   18    9   40   81    2   24   94   23   79   42   12   64   87   16  
----------------------------------- 
  2 
 18 
  9 
209 
  3   93   71   20   87   42   24   16   74    7   39   95   29   44   33   87   90    2  
  6   15   73   68   35   18   79   61    3   47   87   46   58   83   24   27   73   32  
----------------------------------- 
  3 
 18 
  9 
200 
 54   39    6   29   31   13   35   24   11   11   58   42   44   16   99   30   34   53  
 59   72    9    1   52   26   19   42    4   70   81   69   36   24   36   91   59   48  
----------------------------------- 
  4 
 18 
  9 
216 
  6   85   41   39   74   84   47   32   48   14   77   89   58   88   65   73   79    4  
 12   30   45   35   70   35   58   22    5   94   74   91   15   65   48   54   45   64  
----------------------------------- 
  5 
 18 
  9 
232 
 57   31   76   48   17   55   58   40   85   17   97   36   73   59   31   16   24   55  
 65   87   81   69   87   44   97    3    6   17   67   14   93    6   60   18   32   80  
----------------------------------- 
  6 
 18 
  9 
197 
  8   77   11   58   61   26   70   47   22   21   16   83   87   31   98   60   68    5  
 17   44   17    2    4   52   37   83    7   40   61   37   72   47   72   81   18   95  
----------------------------------- 
  7 
 18 
  9 
213 
 60   23   46   67    4   97   82   55   59   24   35   30    2    3   64    3   13   56  
 70    2   53   36   22   61   76   64    8   64   54   59   51   88   84   45    4   11  
----------------------------------- 
  8 
 18 
  9 
229 
 11   69   81   77   47   68   93   63   96   27   54   78   16   75   30   46   57    7  
 23   59   89   70   39   69   15   44    9   87   48   82   29   29   96    8   90   27  
----------------------------------- 
  9 
 18 
  9 
169 
 62   15   16   86   91   39    5   71   33   31   73   25   31   47   96   89    2   58  
 76   16   25    3   56   78   55   24   10   10   41    5    8   70    8   71   77   43  
----------------------------------- 
 10 
 18 
  9 
211 
 13   61   51   96   34   10   16   79   70   34   93   72   45   18   62   32   47    9  
 29   73   61   37   74   87   94    5   12   34   34   27   86   11   20   35   63   59  
----------------------------------- 
  1 
 18 
 14 
106 
 71   40   53   11   21   38   13   91   53   89   24   69   15   41   59   13   37   74  
  4   80   20   28   83   32   36   71   76   97    3   73   87   65   36   68   60   27  
----------------------------------- 
  2 
 18 
 14 
 93 
  3   93   71   20   87   42   24   16   74    7   39   95   29   44   33   87   90    2  
  6   15   73   68   35   18   79   61    3   47   87   46   58   83   24   27   73   32  
----------------------------------- 
  3 
 18 
 14 
121 
 50   82   58   77   19   92   80   38   51   84   72   82   34   28   63   81   42   41  
 98   33   41   72   66   75   38   73   94   91   27   30   25   66   58   91   39   64  
----------------------------------- 
  4 
 18 
 14 
 96 
  6   85   41   39   74   84   47   32   48   14   77   89   58   88   65   73   79    4  
 12   30   45   35   70   35   58   22    5   94   74   91   15   65   48   54   45   64  
----------------------------------- 
  5 
 18 
 14 
103 
 57   31   76   48   17   55   58   40   85   17   97   36   73   59   31   16   24   55  
 65   87   81   69   87   44   97    3    6   17   67   14   93    6   60   18   32   80  
----------------------------------- 
  6 
 18 
 14 
 92 
 61   71   76    2   65   50   64   57   53   26   88  100   93   95    2   78   72   77  
 74   30   42   82   18   87    8   48   27   86   47   54   28   63    7   32    5   84  
----------------------------------- 
  7 
 18 
 14 
 95 
 60   23   46   67    4   97   82   55   59   24   35   30    2    3   64    3   13   56  
 70    2   53   36   22   61   76   64    8   64   54   59   51   88   84   45    4   11  
----------------------------------- 
  8 
 18 
 14 
102 
 11   69   81   77   47   68   93   63   96   27   54   78   16   75   30   46   57    7  
 23   59   89   70   39   69   15   44    9   87   48   82   29   29   96    8   90   27  
----------------------------------- 
  9 
 18 
 14 
125 
 50   46   73   30   57   74   39   13   52   51   16   46  100   82   89   41   25   22  
 94   97   22   15   98   23   13   18   80   72   79   90   75   96   74   73   16   90  
----------------------------------- 
 10 
 18 
 14 
 94 
 13   61   51   96   34   10   16   79   70   34   93   72   45   18   62   32   47    9  
 29   73   61   37   74   87   94    5   12   34   34   27   86   11   20   35   63   59  
----------------------------------- 
  1 
 20 
  5 
331 
 52   47   36   10   44   71   12    8   37    4   20   48   15   72   67   44   45   51   53   58  
 37   34   18    9   40   81    2   24   94   23   79   42   12   64   87   16   61   12   63   84  
----------------------------------- 
  2 
 20 
  5 
358 
  3   93   71   20   87   42   24   16   74    7   39   95   29   44   33   87   90    2    6   15  
 73   68   35   18   79   61    3   47   87   46   58   83   24   27   73   32   21   24   26   68  
----------------------------------- 
  3 
 20 
  5 
347 
 54   39    6   29   31   13   35   24   11   11   58   42   44   16   99   30   34   53   59   72  
  9    1   52   26   19   42    4   70   81   69   36   24   36   91   59   48   81   36   88   51  
----------------------------------- 
  4 
 20 
  5 
374 
  6   85   41   39   74   84   47   32   48   14   77   89   58   88   65   73   79    4   12   30  
 45   35   70   35   58   22    5   94   74   91   15   65   48   54   45   64   41   48   51   35  
----------------------------------- 
  5 
 20 
  5 
325 
 57   31   76   48   17   55   58   40   85   17   97   36   73   59   31   16   24   55   65   87  
 81   69   87   44   97    3    6   17   67   14   93    6   60   18   32   80    1   59   14   18  
----------------------------------- 
  6 
 20 
  5 
351 
  8   77   11   58   61   26   70   47   22   21   16   83   87   31   98   60   68    5   17   44  
 17    2    4   52   37   83    7   40   61   37   72   47   72   81   18   95   61   71   76    2  
----------------------------------- 
  7 
 20 
  5 
378 
 60   23   46   67    4   97   82   55   59   24   35   30    2    3   64    3   13   56   70    2  
 53   36   22   61   76   64    8   64   54   59   51   88   84   45    4   11   21   83   39   85  
----------------------------------- 
  8 
 20 
  5 
404 
 11   69   81   77   47   68   93   63   96   27   54   78   16   75   30   46   57    7   23   59  
 89   70   39   69   15   44    9   87   48   82   29   29   96    8   90   27   81   95    1   69  
----------------------------------- 
  9 
 20 
  5 
281 
 62   15   16   86   91   39    5   71   33   31   73   25   31   47   96   89    2   58   76   16  
 25    3   56   78   55   24   10   10   41    5    8   70    8   71   77   43   42    6   64   52  
----------------------------------- 
 10 
 20 
  5 
309 
 13   61   51   96   34   10   16   79   70   34   93   72   45   18   62   32   47    9   29   73  
 61   37   74   87   94    5   12   34   34   27   86   11   20   35   63   59    2   18   27   36  
----------------------------------- 
  1 
 20 
 10 
221 
 52   47   36   10   44   71   12    8   37    4   20   48   15   72   67   44   45   51   53   58  
 37   34   18    9   40   81    2   24   94   23   79   42   12   64   87   16   61   12   63   84  
----------------------------------- 
  2 
 20 
 10 
239 
  3   93   71   20   87   42   24   16   74    7   39   95   29   44   33   87   90    2    6   15  
 73   68   35   18   79   61    3   47   87   46   58   83   24   27   73   32   21   24   26   68  
----------------------------------- 
  3 
 20 
 10 
231 
 54   39    6   29   31   13   35   24   11   11   58   42   44   16   99   30   34   53   59   72  
  9    1   52   26   19   42    4   70   81   69   36   24   36   91   59   48   81   36   88   51  
----------------------------------- 
  4 
 20 
 10 
249 
  6   85   41   39   74   84   47   32   48   14   77   89   58   88   65   73   79    4   12   30  
 45   35   70   35   58   22    5   94   74   91   15   65   48   54   45   64   41   48   51   35  
----------------------------------- 
  5 
 20 
 10 
217 
 57   31   76   48   17   55   58   40   85   17   97   36   73   59   31   16   24   55   65   87  
 81   69   87   44   97    3    6   17   67   14   93    6   60   18   32   80    1   59   14   18  
----------------------------------- 
  6 
 20 
 10 
234 
  8   77   11   58   61   26   70   47   22   21   16   83   87   31   98   60   68    5   17   44  
 17    2    4   52   37   83    7   40   61   37   72   47   72   81   18   95   61   71   76    2  
----------------------------------- 
  7 
 20 
 10 
252 
 60   23   46   67    4   97   82   55   59   24   35   30    2    3   64    3   13   56   70    2  
 53   36   22   61   76   64    8   64   54   59   51   88   84   45    4   11   21   83   39   85  
----------------------------------- 
  8 
 20 
 10 
270 
 11   69   81   77   47   68   93   63   96   27   54   78   16   75   30   46   57    7   23   59  
 89   70   39   69   15   44    9   87   48   82   29   29   96    8   90   27   81   95    1   69  
----------------------------------- 
  9 
 20 
 10 
187 
 62   15   16   86   91   39    5   71   33   31   73   25   31   47   96   89    2   58   76   16  
 25    3   56   78   55   24   10   10   41    5    8   70    8   71   77   43   42    6   64   52  
----------------------------------- 
 10 
 20 
 10 
206 
 13   61   51   96   34   10   16   79   70   34   93   72   45   18   62   32   47    9   29   73  
 61   37   74   87   94    5   12   34   34   27   86   11   20   35   63   59    2   18   27   36  
----------------------------------- 
  1 
 20 
 15 
111 
 52   47   36   10   44   71   12    8   37    4   20   48   15   72   67   44   45   51   53   58  
 37   34   18    9   40   81    2   24   94   23   79   42   12   64   87   16   61   12   63   84  
----------------------------------- 
  2 
 20 
 15 
120 
  3   93   71   20   87   42   24   16   74    7   39   95   29   44   33   87   90    2    6   15  
 73   68   35   18   79   61    3   47   87   46   58   83   24   27   73   32   21   24   26   68  
----------------------------------- 
  3 
 20 
 15 
116 
 54   39    6   29   31   13   35   24   11   11   58   42   44   16   99   30   34   53   59   72  
  9    1   52   26   19   42    4   70   81   69   36   24   36   91   59   48   81   36   88   51  
----------------------------------- 
  4 
 20 
 15 
125 
  6   85   41   39   74   84   47   32   48   14   77   89   58   88   65   73   79    4   12   30  
 45   35   70   35   58   22    5   94   74   91   15   65   48   54   45   64   41   48   51   35  
----------------------------------- 
  5 
 20 
 15 
109 
 57   31   76   48   17   55   58   40   85   17   97   36   73   59   31   16   24   55   65   87  
 81   69   87   44   97    3    6   17   67   14   93    6   60   18   32   80    1   59   14   18  
----------------------------------- 
  6 
 20 
 15 
117 
  8   77   11   58   61   26   70   47   22   21   16   83   87   31   98   60   68    5   17   44  
 17    2    4   52   37   83    7   40   61   37   72   47   72   81   18   95   61   71   76    2  
----------------------------------- 
  7 
 20 
 15 
126 
 60   23   46   67    4   97   82   55   59   24   35   30    2    3   64    3   13   56   70    2  
 53   36   22   61   76   64    8   64   54   59   51   88   84   45    4   11   21   83   39   85  
----------------------------------- 
  8 
 20 
 15 
135 
 11   69   81   77   47   68   93   63   96   27   54   78   16   75   30   46   57    7   23   59  
 89   70   39   69   15   44    9   87   48   82   29   29   96    8   90   27   81   95    1   69  
----------------------------------- 
  9 
 20 
 15 
 94 
 62   15   16   86   91   39    5   71   33   31   73   25   31   47   96   89    2   58   76   16  
 25    3   56   78   55   24   10   10   41    5    8   70    8   71   77   43   42    6   64   52  
----------------------------------- 
 10 
 20 
 15 
103 
 13   61   51   96   34   10   16   79   70   34   93   72   45   18   62   32   47    9   29   73  
 61   37   74   87   94    5   12   34   34   27   86   11   20   35   63   59    2   18   27   36  
----------------------------------- 
  1 
 22 
  6 
389 
 52   47   36   10   44   71   12    8   37    4   20   48   15   72   67   44   45   51   53   58   37   34  
 18    9   40   81    2   24   94   23   79   42   12   64   87   16   61   12   63   84   95   42   28   93  
----------------------------------- 
  2 
 22 
  6 
410 
  3   93   71   20   87   42   24   16   74    7   39   95   29   44   33   87   90    2    6   15   73   68  
 35   18   79   61    3   47   87   46   58   83   24   27   73   32   21   24   26   68   89   84   55   86  
----------------------------------- 
  3 
 22 
  6 
430 
 54   39    6   29   31   13   35   24   11   11   58   42   44   16   99   30   34   53   59   72    9    1  
 52   26   19   42    4   70   81   69   36   24   36   91   59   48   81   36   88   51   83   25   82   79  
----------------------------------- 
  4 
 22 
  6 
415 
  6   85   41   39   74   84   47   32   48   14   77   89   58   88   65   73   79    4   12   30   45   35  
 70   35   58   22    5   94   74   91   15   65   48   54   45   64   41   48   51   35   77   67    9   72  
----------------------------------- 
  5 
 22 
  6 
327 
 57   31   76   48   17   55   58   40   85   17   97   36   73   59   31   16   24   55   65   87   81   69  
 87   44   97    3    6   17   67   14   93    6   60   18   32   80    1   59   14   18   71    8   37   65  
----------------------------------- 
  6 
 22 
  6 
419 
  8   77   11   58   61   26   70   47   22   21   16   83   87   31   98   60   68    5   17   44   17    2  
  4   52   37   83    7   40   61   37   72   47   72   81   18   95   61   71   76    2   65   50   64   57  
----------------------------------- 
  7 
 22 
  6 
440 
 60   23   46   67    4   97   82   55   59   24   35   30    2    3   64    3   13   56   70    2   53   36  
 22   61   76   64    8   64   54   59   51   88   84   45    4   11   21   83   39   85   59   91   91   50  
----------------------------------- 
  8 
 22 
  6 
388 
 11   69   81   77   47   68   93   63   96   27   54   78   16   75   30   46   57    7   23   59   89   70  
 39   69   15   44    9   87   48   82   29   29   96    8   90   27   81   95    1   69   53   33   18   43  
----------------------------------- 
  9 
 22 
  6 
336 
 62   15   16   86   91   39    5   71   33   31   73   25   31   47   96   89    2   58   76   16   25    3  
 56   78   55   24   10   10   41    5    8   70    8   71   77   43   42    6   64   52   47   75   45   36  
----------------------------------- 
 10 
 22 
  6 
322 
 13   61   51   96   34   10   16   79   70   34   93   72   45   18   62   32   47    9   29   73   61   37  
 74   87   94    5   12   34   34   27   86   11   20   35   63   59    2   18   27   36   41   16   73   29  
----------------------------------- 
  1 
 22 
 11 
268 
 52   47   36   10   44   71   12    8   37    4   20   48   15   72   67   44   45   51   53   58   37   34  
 18    9   40   81    2   24   94   23   79   42   12   64   87   16   61   12   63   84   95   42   28   93  
----------------------------------- 
  2 
 22 
 11 
282 
  3   93   71   20   87   42   24   16   74    7   39   95   29   44   33   87   90    2    6   15   73   68  
 35   18   79   61    3   47   87   46   58   83   24   27   73   32   21   24   26   68   89   84   55   86  
----------------------------------- 
  3 
 22 
 11 
296 
 54   39    6   29   31   13   35   24   11   11   58   42   44   16   99   30   34   53   59   72    9    1  
 52   26   19   42    4   70   81   69   36   24   36   91   59   48   81   36   88   51   83   25   82   79  
----------------------------------- 
  4 
 22 
 11 
285 
  6   85   41   39   74   84   47   32   48   14   77   89   58   88   65   73   79    4   12   30   45   35  
 70   35   58   22    5   94   74   91   15   65   48   54   45   64   41   48   51   35   77   67    9   72  
----------------------------------- 
  5 
 22 
 11 
225 
 57   31   76   48   17   55   58   40   85   17   97   36   73   59   31   16   24   55   65   87   81   69  
 87   44   97    3    6   17   67   14   93    6   60   18   32   80    1   59   14   18   71    8   37   65  
----------------------------------- 
  6 
 22 
 11 
288 
  8   77   11   58   61   26   70   47   22   21   16   83   87   31   98   60   68    5   17   44   17    2  
  4   52   37   83    7   40   61   37   72   47   72   81   18   95   61   71   76    2   65   50   64   57  
----------------------------------- 
  7 
 22 
 11 
303 
 60   23   46   67    4   97   82   55   59   24   35   30    2    3   64    3   13   56   70    2   53   36  
 22   61   76   64    8   64   54   59   51   88   84   45    4   11   21   83   39   85   59   91   91   50  
----------------------------------- 
  8 
 22 
 11 
267 
 11   69   81   77   47   68   93   63   96   27   54   78   16   75   30   46   57    7   23   59   89   70  
 39   69   15   44    9   87   48   82   29   29   96    8   90   27   81   95    1   69   53   33   18   43  
----------------------------------- 
  9 
 22 
 11 
231 
 62   15   16   86   91   39    5   71   33   31   73   25   31   47   96   89    2   58   76   16   25    3  
 56   78   55   24   10   10   41    5    8   70    8   71   77   43   42    6   64   52   47   75   45   36  
----------------------------------- 
 10 
 22 
 11 
221 
 13   61   51   96   34   10   16   79   70   34   93   72   45   18   62   32   47    9   29   73   61   37  
 74   87   94    5   12   34   34   27   86   11   20   35   63   59    2   18   27   36   41   16   73   29  
----------------------------------- 
  1 
 22 
 17 
122 
 52   47   36   10   44   71   12    8   37    4   20   48   15   72   67   44   45   51   53   58   37   34  
 18    9   40   81    2   24   94   23   79   42   12   64   87   16   61   12   63   84   95   42   28   93  
----------------------------------- 
  2 
 22 
 17 
128 
  3   93   71   20   87   42   24   16   74    7   39   95   29   44   33   87   90    2    6   15   73   68  
 35   18   79   61    3   47   87   46   58   83   24   27   73   32   21   24   26   68   89   84   55   86  
----------------------------------- 
  3 
 22 
 17 
135 
 54   39    6   29   31   13   35   24   11   11   58   42   44   16   99   30   34   53   59   72    9    1  
 52   26   19   42    4   70   81   69   36   24   36   91   59   48   81   36   88   51   83   25   82   79  
----------------------------------- 
  4 
 22 
 17 
130 
  6   85   41   39   74   84   47   32   48   14   77   89   58   88   65   73   79    4   12   30   45   35  
 70   35   58   22    5   94   74   91   15   65   48   54   45   64   41   48   51   35   77   67    9   72  
----------------------------------- 
  5 
 22 
 17 
102 
 57   31   76   48   17   55   58   40   85   17   97   36   73   59   31   16   24   55   65   87   81   69  
 87   44   97    3    6   17   67   14   93    6   60   18   32   80    1   59   14   18   71    8   37   65  
----------------------------------- 
  6 
 22 
 17 
131 
  8   77   11   58   61   26   70   47   22   21   16   83   87   31   98   60   68    5   17   44   17    2  
  4   52   37   83    7   40   61   37   72   47   72   81   18   95   61   71   76    2   65   50   64   57  
----------------------------------- 
  7 
 22 
 17 
138 
 60   23   46   67    4   97   82   55   59   24   35   30    2    3   64    3   13   56   70    2   53   36  
 22   61   76   64    8   64   54   59   51   88   84   45    4   11   21   83   39   85   59   91   91   50  
----------------------------------- 
  8 
 22 
 17 
122 
 11   69   81   77   47   68   93   63   96   27   54   78   16   75   30   46   57    7   23   59   89   70  
 39   69   15   44    9   87   48   82   29   29   96    8   90   27   81   95    1   69   53   33   18   43  
----------------------------------- 
  9 
 22 
 17 
105 
 62   15   16   86   91   39    5   71   33   31   73   25   31   47   96   89    2   58   76   16   25    3  
 56   78   55   24   10   10   41    5    8   70    8   71   77   43   42    6   64   52   47   75   45   36  
----------------------------------- 
 10 
 22 
 17 
101 
 13   61   51   96   34   10   16   79   70   34   93   72   45   18   62   32   47    9   29   73   61   37  
 74   87   94    5   12   34   34   27   86   11   20   35   63   59    2   18   27   36   41   16   73   29  
----------------------------------- 
  1 
 25 
  7 
486 
 52   47   36   10   44   71   12    8   37    4   20   48   15   72   67   44   45   51   53   58   37   34   18    9   40  
 81    2   24   94   23   79   42   12   64   87   16   61   12   63   84   95   42   28   93   93   55   82   17   33   66  
----------------------------------- 
  2 
 25 
  7 
462 
  3   93   71   20   87   42   24   16   74    7   39   95   29   44   33   87   90    2    6   15   73   68   35   18   79  
 61    3   47   87   46   58   83   24   27   73   32   21   24   26   68   89   84   55   86   85    9   63   34   65   32  
----------------------------------- 
  3 
 25 
  7 
546 
 54   39    6   29   31   13   35   24   11   11   58   42   44   16   99   30   34   53   59   72    9    1   52   26   19  
 42    4   70   81   69   36   24   36   91   59   48   81   36   88   51   83   25   82   79   77   63   44   50   97   98  
----------------------------------- 
  4 
 25 
  7 
450 
  6   85   41   39   74   84   47   32   48   14   77   89   58   88   65   73   79    4   12   30   45   35   70   35   58  
 22    5   94   74   91   15   65   48   54   45   64   41   48   51   35   77   67    9   72   69   17   26   67   29   64  
----------------------------------- 
  5 
 25 
  7 
354 
 57   31   76   48   17   55   58   40   85   17   97   36   73   59   31   16   24   55   65   87   81   69   87   44   97  
  3    6   17   67   14   93    6   60   18   32   80    1   59   14   18   71    8   37   65   61   72    7   84   61   29  
----------------------------------- 
  6 
 25 
  7 
546 
  8   77   11   58   61   26   70   47   22   21   16   83   87   31   98   60   68    5   17   44   17    2    4   52   37  
 83    7   40   61   37   72   47   72   81   18   95   61   71   76    2   65   50   64   57   53   26   88  100   93   95  
----------------------------------- 
  7 
 25 
  7 
486 
 60   23   46   67    4   97   82   55   59   24   35   30    2    3   64    3   13   56   70    2   53   36   22   61   76  
 64    8   64   54   59   51   88   84   45    4   11   21   83   39   85   59   91   91   50   45   80   70   17   25   61  
----------------------------------- 
  8 
 25 
  7 
426 
 11   69   81   77   47   68   93   63   96   27   54   78   16   75   30   46   57    7   23   59   89   70   39   69   15  
 44    9   87   48   82   29   29   96    8   90   27   81   95    1   69   53   33   18   43   38   34   51   34   57   27  
----------------------------------- 
  9 
 25 
  7 
402 
 62   15   16   86   91   39    5   71   33   31   73   25   31   47   96   89    2   58   76   16   25    3   56   78   55  
 24   10   10   41    5    8   70    8   71   77   43   42    6   64   52   47   75   45   36   30   88   32   50   89   93  
----------------------------------- 
 10 
 25 
  7 
307 
 13   61   51   96   34   10   16   79   70   34   93   72   45   18   62   32   47    9   29   73   61   37   74   87   94  
  5   12   34   34   27   86   11   20   35   63   59    2   18   27   36   41   16   73   29   22   43   13   67   21   58  
----------------------------------- 
  1 
 25 
 13 
324 
 52   47   36   10   44   71   12    8   37    4   20   48   15   72   67   44   45   51   53   58   37   34   18    9   40  
 81    2   24   94   23   79   42   12   64   87   16   61   12   63   84   95   42   28   93   93   55   82   17   33   66  
----------------------------------- 
  2 
 25 
 13 
308 
  3   93   71   20   87   42   24   16   74    7   39   95   29   44   33   87   90    2    6   15   73   68   35   18   79  
 61    3   47   87   46   58   83   24   27   73   32   21   24   26   68   89   84   55   86   85    9   63   34   65   32  
----------------------------------- 
  3 
 25 
 13 
364 
 54   39    6   29   31   13   35   24   11   11   58   42   44   16   99   30   34   53   59   72    9    1   52   26   19  
 42    4   70   81   69   36   24   36   91   59   48   81   36   88   51   83   25   82   79   77   63   44   50   97   98  
----------------------------------- 
  4 
 25 
 13 
300 
  6   85   41   39   74   84   47   32   48   14   77   89   58   88   65   73   79    4   12   30   45   35   70   35   58  
 22    5   94   74   91   15   65   48   54   45   64   41   48   51   35   77   67    9   72   69   17   26   67   29   64  
----------------------------------- 
  5 
 25 
 13 
236 
 57   31   76   48   17   55   58   40   85   17   97   36   73   59   31   16   24   55   65   87   81   69   87   44   97  
  3    6   17   67   14   93    6   60   18   32   80    1   59   14   18   71    8   37   65   61   72    7   84   61   29  
----------------------------------- 
  6 
 25 
 13 
364 
  8   77   11   58   61   26   70   47   22   21   16   83   87   31   98   60   68    5   17   44   17    2    4   52   37  
 83    7   40   61   37   72   47   72   81   18   95   61   71   76    2   65   50   64   57   53   26   88  100   93   95  
----------------------------------- 
  7 
 25 
 13 
324 
 60   23   46   67    4   97   82   55   59   24   35   30    2    3   64    3   13   56   70    2   53   36   22   61   76  
 64    8   64   54   59   51   88   84   45    4   11   21   83   39   85   59   91   91   50   45   80   70   17   25   61  
----------------------------------- 
  8 
 25 
 13 
284 
 11   69   81   77   47   68   93   63   96   27   54   78   16   75   30   46   57    7   23   59   89   70   39   69   15  
 44    9   87   48   82   29   29   96    8   90   27   81   95    1   69   53   33   18   43   38   34   51   34   57   27  
----------------------------------- 
  9 
 25 
 13 
268 
 62   15   16   86   91   39    5   71   33   31   73   25   31   47   96   89    2   58   76   16   25    3   56   78   55  
 24   10   10   41    5    8   70    8   71   77   43   42    6   64   52   47   75   45   36   30   88   32   50   89   93  
----------------------------------- 
 10 
 25 
 13 
205 
 13   61   51   96   34   10   16   79   70   34   93   72   45   18   62   32   47    9   29   73   61   37   74   87   94  
  5   12   34   34   27   86   11   20   35   63   59    2   18   27   36   41   16   73   29   22   43   13   67   21   58  
----------------------------------- 
  1 
 25 
 19 
162 
 52   47   36   10   44   71   12    8   37    4   20   48   15   72   67   44   45   51   53   58   37   34   18    9   40  
 81    2   24   94   23   79   42   12   64   87   16   61   12   63   84   95   42   28   93   93   55   82   17   33   66  
----------------------------------- 
  2 
 25 
 19 
154 
  3   93   71   20   87   42   24   16   74    7   39   95   29   44   33   87   90    2    6   15   73   68   35   18   79  
 61    3   47   87   46   58   83   24   27   73   32   21   24   26   68   89   84   55   86   85    9   63   34   65   32  
----------------------------------- 
  3 
 25 
 19 
182 
 54   39    6   29   31   13   35   24   11   11   58   42   44   16   99   30   34   53   59   72    9    1   52   26   19  
 42    4   70   81   69   36   24   36   91   59   48   81   36   88   51   83   25   82   79   77   63   44   50   97   98  
----------------------------------- 
  4 
 25 
 19 
150 
  6   85   41   39   74   84   47   32   48   14   77   89   58   88   65   73   79    4   12   30   45   35   70   35   58  
 22    5   94   74   91   15   65   48   54   45   64   41   48   51   35   77   67    9   72   69   17   26   67   29   64  
----------------------------------- 
  5 
 25 
 19 
118 
 57   31   76   48   17   55   58   40   85   17   97   36   73   59   31   16   24   55   65   87   81   69   87   44   97  
  3    6   17   67   14   93    6   60   18   32   80    1   59   14   18   71    8   37   65   61   72    7   84   61   29  
----------------------------------- 
  6 
 25 
 19 
182 
  8   77   11   58   61   26   70   47   22   21   16   83   87   31   98   60   68    5   17   44   17    2    4   52   37  
 83    7   40   61   37   72   47   72   81   18   95   61   71   76    2   65   50   64   57   53   26   88  100   93   95  
----------------------------------- 
  7 
 25 
 19 
162 
 60   23   46   67    4   97   82   55   59   24   35   30    2    3   64    3   13   56   70    2   53   36   22   61   76  
 64    8   64   54   59   51   88   84   45    4   11   21   83   39   85   59   91   91   50   45   80   70   17   25   61  
----------------------------------- 
  8 
 25 
 19 
142 
 11   69   81   77   47   68   93   63   96   27   54   78   16   75   30   46   57    7   23   59   89   70   39   69   15  
 44    9   87   48   82   29   29   96    8   90   27   81   95    1   69   53   33   18   43   38   34   51   34   57   27  
----------------------------------- 
  9 
 25 
 19 
134 
 62   15   16   86   91   39    5   71   33   31   73   25   31   47   96   89    2   58   76   16   25    3   56   78   55  
 24   10   10   41    5    8   70    8   71   77   43   42    6   64   52   47   75   45   36   30   88   32   50   89   93  
----------------------------------- 
 10 
 25 
 19 
103 
 13   61   51   96   34   10   16   79   70   34   93   72   45   18   62   32   47    9   29   73   61   37   74   87   94  
  5   12   34   34   27   86   11   20   35   63   59    2   18   27   36   41   16   73   29   22   43   13   67   21   58  
----------------------------------- 
  1 
 30 
  8 
595 
 52   47   36   10   44   71   12    8   37    4   20   48   15   72   67   44   45   51   53   58   37   34   18    9   40   81    2   24   94   23  
 79   42   12   64   87   16   61   12   63   84   95   42   28   93   93   55   82   17   33   66    1   63   79   30   79   22   41   81   87   15  
----------------------------------- 
  2 
 30 
  8 
561 
  3   93   71   20   87   42   24   16   74    7   39   95   29   44   33   87   90    2    6   15   73   68   35   18   79   61    3   47   87   46  
 58   83   24   27   73   32   21   24   26   68   89   84   55   86   85    9   63   34   65   32    1   26   58   59   58   44   81   61   73   29  
----------------------------------- 
  3 
 30 
  8 
635 
 54   39    6   29   31   13   35   24   11   11   58   42   44   16   99   30   34   53   59   72    9    1   52   26   19   42    4   70   81   69  
 36   24   36   91   59   48   81   36   88   51   83   25   82   79   77   63   44   50   97   98    1   89   36   89   37   65   21   41   59   44  
----------------------------------- 
  4 
 30 
  8 
491 
  6   85   41   39   74   84   47   32   48   14   77   89   58   88   65   73   79    4   12   30   45   35   70   35   58   22    5   94   74   91  
 15   65   48   54   45   64   41   48   51   35   77   67    9   72   69   17   26   67   29   64    1   52   15   18   16   87   62   21   45   58  
----------------------------------- 
  5 
 30 
  8 
457 
 57   31   76   48   17   55   58   40   85   17   97   36   73   59   31   16   24   55   65   87   81   69   87   44   97    3    6   17   67   14  
 93    6   60   18   32   80    1   59   14   18   71    8   37   65   61   72    7   84   61   29    1   15   93   48   95    8    2    2   32   72  
----------------------------------- 
  6 
 30 
  8 
678 
  8   77   11   58   61   26   70   47   22   21   16   83   87   31   98   60   68    5   17   44   17    2    4   52   37   83    7   40   61   37  
 72   47   72   81   18   95   61   71   76    2   65   50   64   57   53   26   88  100   93   95    2   78   72   77   74   30   42   82   18   87  
----------------------------------- 
  7 
 30 
  8 
534 
 60   23   46   67    4   97   82   55   59   24   35   30    2    3   64    3   13   56   70    2   53   36   22   61   76   64    8   64   54   59  
 51   88   84   45    4   11   21   83   39   85   59   91   91   50   45   80   70   17   25   61    2   41   50    7   53   52   83   62    4    1  
----------------------------------- 
  8 
 30 
  8 
462 
 11   69   81   77   47   68   93   63   96   27   54   78   16   75   30   46   57    7   23   59   89   70   39   69   15   44    9   87   48   82  
 29   29   96    8   90   27   81   95    1   69   53   33   18   43   38   34   51   34   57   27    2    4   29   36   32   73   23   42   90   16  
----------------------------------- 
  9 
 30 
  8 
538 
 62   15   16   86   91   39    5   71   33   31   73   25   31   47   96   89    2   58   76   16   25    3   56   78   55   24   10   10   41    5  
  8   70    8   71   77   43   42    6   64   52   47   75   45   36   30   88   32   50   89   93    2   67    7   66   11   95   63   23   76   30  
----------------------------------- 
 10 
 30 
  8 
430 
 13   61   51   96   34   10   16   79   70   34   93   72   45   18   62   32   47    9   29   73   61   37   74   87   94    5   12   34   34   27  
 86   11   20   35   63   59    2   18   27   36   41   16   73   29   22   43   13   67   21   58    2   29   86   95   90   16    4    3   63   44  
----------------------------------- 
  1 
 30 
 15 
406 
 52   47   36   10   44   71   12    8   37    4   20   48   15   72   67   44   45   51   53   58   37   34   18    9   40   81    2   24   94   23  
 79   42   12   64   87   16   61   12   63   84   95   42   28   93   93   55   82   17   33   66    1   63   79   30   79   22   41   81   87   15  
----------------------------------- 
  2 
 30 
 15 
382 
  3   93   71   20   87   42   24   16   74    7   39   95   29   44   33   87   90    2    6   15   73   68   35   18   79   61    3   47   87   46  
 58   83   24   27   73   32   21   24   26   68   89   84   55   86   85    9   63   34   65   32    1   26   58   59   58   44   81   61   73   29  
----------------------------------- 
  3 
 30 
 15 
433 
 54   39    6   29   31   13   35   24   11   11   58   42   44   16   99   30   34   53   59   72    9    1   52   26   19   42    4   70   81   69  
 36   24   36   91   59   48   81   36   88   51   83   25   82   79   77   63   44   50   97   98    1   89   36   89   37   65   21   41   59   44  
----------------------------------- 
  4 
 30 
 15 
335 
  6   85   41   39   74   84   47   32   48   14   77   89   58   88   65   73   79    4   12   30   45   35   70   35   58   22    5   94   74   91  
 15   65   48   54   45   64   41   48   51   35   77   67    9   72   69   17   26   67   29   64    1   52   15   18   16   87   62   21   45   58  
----------------------------------- 
  5 
 30 
 15 
311 
 57   31   76   48   17   55   58   40   85   17   97   36   73   59   31   16   24   55   65   87   81   69   87   44   97    3    6   17   67   14  
 93    6   60   18   32   80    1   59   14   18   71    8   37   65   61   72    7   84   61   29    1   15   93   48   95    8    2    2   32   72  
----------------------------------- 
  6 
 30 
 15 
462 
  8   77   11   58   61   26   70   47   22   21   16   83   87   31   98   60   68    5   17   44   17    2    4   52   37   83    7   40   61   37  
 72   47   72   81   18   95   61   71   76    2   65   50   64   57   53   26   88  100   93   95    2   78   72   77   74   30   42   82   18   87  
----------------------------------- 
  7 
 30 
 15 
364 
 60   23   46   67    4   97   82   55   59   24   35   30    2    3   64    3   13   56   70    2   53   36   22   61   76   64    8   64   54   59  
 51   88   84   45    4   11   21   83   39   85   59   91   91   50   45   80   70   17   25   61    2   41   50    7   53   52   83   62    4    1  
----------------------------------- 
  8 
 30 
 15 
315 
 11   69   81   77   47   68   93   63   96   27   54   78   16   75   30   46   57    7   23   59   89   70   39   69   15   44    9   87   48   82  
 29   29   96    8   90   27   81   95    1   69   53   33   18   43   38   34   51   34   57   27    2    4   29   36   32   73   23   42   90   16  
----------------------------------- 
  9 
 30 
 15 
367 
 62   15   16   86   91   39    5   71   33   31   73   25   31   47   96   89    2   58   76   16   25    3   56   78   55   24   10   10   41    5  
  8   70    8   71   77   43   42    6   64   52   47   75   45   36   30   88   32   50   89   93    2   67    7   66   11   95   63   23   76   30  
----------------------------------- 
 10 
 30 
 15 
293 
 13   61   51   96   34   10   16   79   70   34   93   72   45   18   62   32   47    9   29   73   61   37   74   87   94    5   12   34   34   27  
 86   11   20   35   63   59    2   18   27   36   41   16   73   29   22   43   13   67   21   58    2   29   86   95   90   16    4    3   63   44  
----------------------------------- 
  1 
 30 
 23 
190 
 52   47   36   10   44   71   12    8   37    4   20   48   15   72   67   44   45   51   53   58   37   34   18    9   40   81    2   24   94   23  
 79   42   12   64   87   16   61   12   63   84   95   42   28   93   93   55   82   17   33   66    1   63   79   30   79   22   41   81   87   15  
----------------------------------- 
  2 
 30 
 23 
179 
  3   93   71   20   87   42   24   16   74    7   39   95   29   44   33   87   90    2    6   15   73   68   35   18   79   61    3   47   87   46  
 58   83   24   27   73   32   21   24   26   68   89   84   55   86   85    9   63   34   65   32    1   26   58   59   58   44   81   61   73   29  
----------------------------------- 
  3 
 30 
 23 
202 
 54   39    6   29   31   13   35   24   11   11   58   42   44   16   99   30   34   53   59   72    9    1   52   26   19   42    4   70   81   69  
 36   24   36   91   59   48   81   36   88   51   83   25   82   79   77   63   44   50   97   98    1   89   36   89   37   65   21   41   59   44  
----------------------------------- 
  4 
 30 
 23 
157 
  6   85   41   39   74   84   47   32   48   14   77   89   58   88   65   73   79    4   12   30   45   35   70   35   58   22    5   94   74   91  
 15   65   48   54   45   64   41   48   51   35   77   67    9   72   69   17   26   67   29   64    1   52   15   18   16   87   62   21   45   58  
----------------------------------- 
  5 
 30 
 23 
146 
 57   31   76   48   17   55   58   40   85   17   97   36   73   59   31   16   24   55   65   87   81   69   87   44   97    3    6   17   67   14  
 93    6   60   18   32   80    1   59   14   18   71    8   37   65   61   72    7   84   61   29    1   15   93   48   95    8    2    2   32   72  
----------------------------------- 
  6 
 30 
 23 
216 
  8   77   11   58   61   26   70   47   22   21   16   83   87   31   98   60   68    5   17   44   17    2    4   52   37   83    7   40   61   37  
 72   47   72   81   18   95   61   71   76    2   65   50   64   57   53   26   88  100   93   95    2   78   72   77   74   30   42   82   18   87  
----------------------------------- 
  7 
 30 
 23 
170 
 60   23   46   67    4   97   82   55   59   24   35   30    2    3   64    3   13   56   70    2   53   36   22   61   76   64    8   64   54   59  
 51   88   84   45    4   11   21   83   39   85   59   91   91   50   45   80   70   17   25   61    2   41   50    7   53   52   83   62    4    1  
----------------------------------- 
  8 
 30 
 23 
147 
 11   69   81   77   47   68   93   63   96   27   54   78   16   75   30   46   57    7   23   59   89   70   39   69   15   44    9   87   48   82  
 29   29   96    8   90   27   81   95    1   69   53   33   18   43   38   34   51   34   57   27    2    4   29   36   32   73   23   42   90   16  
----------------------------------- 
  9 
 30 
 23 
172 
 62   15   16   86   91   39    5   71   33   31   73   25   31   47   96   89    2   58   76   16   25    3   56   78   55   24   10   10   41    5  
  8   70    8   71   77   43   42    6   64   52   47   75   45   36   30   88   32   50   89   93    2   67    7   66   11   95   63   23   76   30  
----------------------------------- 
 10 
 30 
 23 
137 
 13   61   51   96   34   10   16   79   70   34   93   72   45   18   62   32   47    9   29   73   61   37   74   87   94    5   12   34   34   27  
 86   11   20   35   63   59    2   18   27   36   41   16   73   29   22   43   13   67   21   58    2   29   86   95   90   16    4    3   63   44  
