----------------------------------- 
  1 
 28 
  7 
569 
 52   47   36   10   44   71   12    8   37    4   20   48   15   72   67   44   45   51   53   58   37   34   18    9   40   81    2   24  
 94   23   79   42   12   64   87   16   61   12   63   84   95   42   28   93   93   55   82   17   33   66    1   63   79   30   79   22  
----------------------------------- 
  2 
 28 
  7 
532 
  3   93   71   20   87   42   24   16   74    7   39   95   29   44   33   87   90    2    6   15   73   68   35   18   79   61    3   47  
 87   46   58   83   24   27   73   32   21   24   26   68   89   84   55   86   85    9   63   34   65   32    1   26   58   59   58   44  
----------------------------------- 
  3 
 28 
  7 
644 
 54   39    6   29   31   13   35   24   11   11   58   42   44   16   99   30   34   53   59   72    9    1   52   26   19   42    4   70  
 81   69   36   24   36   91   59   48   81   36   88   51   83   25   82   79   77   63   44   50   97   98    1   89   36   89   37   65  
----------------------------------- 
  4 
 28 
  7 
494 
  6   85   41   39   74   84   47   32   48   14   77   89   58   88   65   73   79    4   12   30   45   35   70   35   58   22    5   94  
 74   91   15   65   48   54   45   64   41   48   51   35   77   67    9   72   69   17   26   67   29   64    1   52   15   18   16   87  
----------------------------------- 
  5 
 28 
  7 
457 
 57   31   76   48   17   55   58   40   85   17   97   36   73   59   31   16   24   55   65   87   81   69   87   44   97    3    6   17  
 67   14   93    6   60   18   32   80    1   59   14   18   71    8   37   65   61   72    7   84   61   29    1   15   93   48   95    8  
----------------------------------- 
  6 
 28 
  7 
644 
  8   77   11   58   61   26   70   47   22   21   16   83   87   31   98   60   68    5   17   44   17    2    4   52   37   83    7   40  
 61   37   72   47   72   81   18   95   61   71   76    2   65   50   64   57   53   26   88  100   93   95    2   78   72   77   74   30  
----------------------------------- 
  7 
 28 
  7 
532 
 60   23   46   67    4   97   82   55   59   24   35   30    2    3   64    3   13   56   70    2   53   36   22   61   76   64    8   64  
 54   59   51   88   84   45    4   11   21   83   39   85   59   91   91   50   45   80   70   17   25   61    2   41   50    7   53   52  
----------------------------------- 
  8 
 28 
  7 
458 
 11   69   81   77   47   68   93   63   96   27   54   78   16   75   30   46   57    7   23   59   89   70   39   69   15   44    9   87  
 48   82   29   29   96    8   90   27   81   95    1   69   53   33   18   43   38   34   51   34   57   27    2    4   29   36   32   73  
----------------------------------- 
  9 
 28 
  7 
495 
 62   15   16   86   91   39    5   71   33   31   73   25   31   47   96   89    2   58   76   16   25    3   56   78   55   24   10   10  
 41    5    8   70    8   71   77   43   42    6   64   52   47   75   45   36   30   88   32   50   89   93    2   67    7   66   11   95  
----------------------------------- 
 10 
 28 
  7 
420 
 13   61   51   96   34   10   16   79   70   34   93   72   45   18   62   32   47    9   29   73   61   37   74   87   94    5   12   34  
 34   27   86   11   20   35   63   59    2   18   27   36   41   16   73   29   22   43   13   67   21   58    2   29   86   95   90   16  
----------------------------------- 
  1 
 28 
 14 
379 
 52   47   36   10   44   71   12    8   37    4   20   48   15   72   67   44   45   51   53   58   37   34   18    9   40   81    2   24  
 94   23   79   42   12   64   87   16   61   12   63   84   95   42   28   93   93   55   82   17   33   66    1   63   79   30   79   22  
----------------------------------- 
  2 
 28 
 14 
355 
  3   93   71   20   87   42   24   16   74    7   39   95   29   44   33   87   90    2    6   15   73   68   35   18   79   61    3   47  
 87   46   58   83   24   27   73   32   21   24   26   68   89   84   55   86   85    9   63   34   65   32    1   26   58   59   58   44  
----------------------------------- 
  3 
 28 
 14 
429 
 54   39    6   29   31   13   35   24   11   11   58   42   44   16   99   30   34   53   59   72    9    1   52   26   19   42    4   70  
 81   69   36   24   36   91   59   48   81   36   88   51   83   25   82   79   77   63   44   50   97   98    1   89   36   89   37   65  
----------------------------------- 
  4 
 28 
 14 
330 
  6   85   41   39   74   84   47   32   48   14   77   89   58   88   65   73   79    4   12   30   45   35   70   35   58   22    5   94  
 74   91   15   65   48   54   45   64   41   48   51   35   77   67    9   72   69   17   26   67   29   64    1   52   15   18   16   87  
----------------------------------- 
  5 
 28 
 14 
305 
 57   31   76   48   17   55   58   40   85   17   97   36   73   59   31   16   24   55   65   87   81   69   87   44   97    3    6   17  
 67   14   93    6   60   18   32   80    1   59   14   18   71    8   37   65   61   72    7   84   61   29    1   15   93   48   95    8  
----------------------------------- 
  6 
 28 
 14 
430 
  8   77   11   58   61   26   70   47   22   21   16   83   87   31   98   60   68    5   17   44   17    2    4   52   37   83    7   40  
 61   37   72   47   72   81   18   95   61   71   76    2   65   50   64   57   53   26   88  100   93   95    2   78   72   77   74   30  
----------------------------------- 
  7 
 28 
 14 
355 
 60   23   46   67    4   97   82   55   59   24   35   30    2    3   64    3   13   56   70    2   53   36   22   61   76   64    8   64  
 54   59   51   88   84   45    4   11   21   83   39   85   59   91   91   50   45   80   70   17   25   61    2   41   50    7   53   52  
----------------------------------- 
  8 
 28 
 14 
305 
 11   69   81   77   47   68   93   63   96   27   54   78   16   75   30   46   57    7   23   59   89   70   39   69   15   44    9   87  
 48   82   29   29   96    8   90   27   81   95    1   69   53   33   18   43   38   34   51   34   57   27    2    4   29   36   32   73  
----------------------------------- 
  9 
 28 
 14 
330 
 62   15   16   86   91   39    5   71   33   31   73   25   31   47   96   89    2   58   76   16   25    3   56   78   55   24   10   10  
 41    5    8   70    8   71   77   43   42    6   64   52   47   75   45   36   30   88   32   50   89   93    2   67    7   66   11   95  
----------------------------------- 
 10 
 28 
 14 
280 
 13   61   51   96   34   10   16   79   70   34   93   72   45   18   62   32   47    9   29   73   61   37   74   87   94    5   12   34  
 34   27   86   11   20   35   63   59    2   18   27   36   41   16   73   29   22   43   13   67   21   58    2   29   86   95   90   16  
----------------------------------- 
  1 
 28 
 21 
190 
 52   47   36   10   44   71   12    8   37    4   20   48   15   72   67   44   45   51   53   58   37   34   18    9   40   81    2   24  
 94   23   79   42   12   64   87   16   61   12   63   84   95   42   28   93   93   55   82   17   33   66    1   63   79   30   79   22  
----------------------------------- 
  2 
 28 
 21 
178 
  3   93   71   20   87   42   24   16   74    7   39   95   29   44   33   87   90    2    6   15   73   68   35   18   79   61    3   47  
 87   46   58   83   24   27   73   32   21   24   26   68   89   84   55   86   85    9   63   34   65   32    1   26   58   59   58   44  
----------------------------------- 
  3 
 28 
 21 
215 
 54   39    6   29   31   13   35   24   11   11   58   42   44   16   99   30   34   53   59   72    9    1   52   26   19   42    4   70  
 81   69   36   24   36   91   59   48   81   36   88   51   83   25   82   79   77   63   44   50   97   98    1   89   36   89   37   65  
----------------------------------- 
  4 
 28 
 21 
165 
  6   85   41   39   74   84   47   32   48   14   77   89   58   88   65   73   79    4   12   30   45   35   70   35   58   22    5   94  
 74   91   15   65   48   54   45   64   41   48   51   35   77   67    9   72   69   17   26   67   29   64    1   52   15   18   16   87  
----------------------------------- 
  5 
 28 
 21 
153 
 57   31   76   48   17   55   58   40   85   17   97   36   73   59   31   16   24   55   65   87   81   69   87   44   97    3    6   17  
 67   14   93    6   60   18   32   80    1   59   14   18   71    8   37   65   61   72    7   84   61   29    1   15   93   48   95    8  
----------------------------------- 
  6 
 28 
 21 
215 
  8   77   11   58   61   26   70   47   22   21   16   83   87   31   98   60   68    5   17   44   17    2    4   52   37   83    7   40  
 61   37   72   47   72   81   18   95   61   71   76    2   65   50   64   57   53   26   88  100   93   95    2   78   72   77   74   30  
----------------------------------- 
  7 
 28 
 21 
178 
 60   23   46   67    4   97   82   55   59   24   35   30    2    3   64    3   13   56   70    2   53   36   22   61   76   64    8   64  
 54   59   51   88   84   45    4   11   21   83   39   85   59   91   91   50   45   80   70   17   25   61    2   41   50    7   53   52  
----------------------------------- 
  8 
 28 
 21 
153 
 11   69   81   77   47   68   93   63   96   27   54   78   16   75   30   46   57    7   23   59   89   70   39   69   15   44    9   87  
 48   82   29   29   96    8   90   27   81   95    1   69   53   33   18   43   38   34   51   34   57   27    2    4   29   36   32   73  
----------------------------------- 
  9 
 28 
 21 
165 
 62   15   16   86   91   39    5   71   33   31   73   25   31   47   96   89    2   58   76   16   25    3   56   78   55   24   10   10  
 41    5    8   70    8   71   77   43   42    6   64   52   47   75   45   36   30   88   32   50   89   93    2   67    7   66   11   95  
----------------------------------- 
 10 
 28 
 21 
140 
 13   61   51   96   34   10   16   79   70   34   93   72   45   18   62   32   47    9   29   73   61   37   74   87   94    5   12   34  
 34   27   86   11   20   35   63   59    2   18   27   36   41   16   73   29   22   43   13   67   21   58    2   29   86   95   90   16  
