----------------------------------- 
  1 
 25 
  7 
486 
 52   47   36   10   44   71   12    8   37    4   20   48   15   72   67   44   45   51   53   58   37   34   18    9   40  
 81    2   24   94   23   79   42   12   64   87   16   61   12   63   84   95   42   28   93   93   55   82   17   33   66  
----------------------------------- 
  2 
 25 
  7 
462 
  3   93   71   20   87   42   24   16   74    7   39   95   29   44   33   87   90    2    6   15   73   68   35   18   79  
 61    3   47   87   46   58   83   24   27   73   32   21   24   26   68   89   84   55   86   85    9   63   34   65   32  
----------------------------------- 
  3 
 25 
  7 
546 
 54   39    6   29   31   13   35   24   11   11   58   42   44   16   99   30   34   53   59   72    9    1   52   26   19  
 42    4   70   81   69   36   24   36   91   59   48   81   36   88   51   83   25   82   79   77   63   44   50   97   98  
----------------------------------- 
  4 
 25 
  7 
450 
  6   85   41   39   74   84   47   32   48   14   77   89   58   88   65   73   79    4   12   30   45   35   70   35   58  
 22    5   94   74   91   15   65   48   54   45   64   41   48   51   35   77   67    9   72   69   17   26   67   29   64  
----------------------------------- 
  5 
 25 
  7 
354 
 57   31   76   48   17   55   58   40   85   17   97   36   73   59   31   16   24   55   65   87   81   69   87   44   97  
  3    6   17   67   14   93    6   60   18   32   80    1   59   14   18   71    8   37   65   61   72    7   84   61   29  
----------------------------------- 
  6 
 25 
  7 
546 
  8   77   11   58   61   26   70   47   22   21   16   83   87   31   98   60   68    5   17   44   17    2    4   52   37  
 83    7   40   61   37   72   47   72   81   18   95   61   71   76    2   65   50   64   57   53   26   88  100   93   95  
----------------------------------- 
  7 
 25 
  7 
486 
 60   23   46   67    4   97   82   55   59   24   35   30    2    3   64    3   13   56   70    2   53   36   22   61   76  
 64    8   64   54   59   51   88   84   45    4   11   21   83   39   85   59   91   91   50   45   80   70   17   25   61  
----------------------------------- 
  8 
 25 
  7 
426 
 11   69   81   77   47   68   93   63   96   27   54   78   16   75   30   46   57    7   23   59   89   70   39   69   15  
 44    9   87   48   82   29   29   96    8   90   27   81   95    1   69   53   33   18   43   38   34   51   34   57   27  
----------------------------------- 
  9 
 25 
  7 
402 
 62   15   16   86   91   39    5   71   33   31   73   25   31   47   96   89    2   58   76   16   25    3   56   78   55  
 24   10   10   41    5    8   70    8   71   77   43   42    6   64   52   47   75   45   36   30   88   32   50   89   93  
----------------------------------- 
 10 
 25 
  7 
307 
 13   61   51   96   34   10   16   79   70   34   93   72   45   18   62   32   47    9   29   73   61   37   74   87   94  
  5   12   34   34   27   86   11   20   35   63   59    2   18   27   36   41   16   73   29   22   43   13   67   21   58  
----------------------------------- 
  1 
 25 
 13 
324 
 52   47   36   10   44   71   12    8   37    4   20   48   15   72   67   44   45   51   53   58   37   34   18    9   40  
 81    2   24   94   23   79   42   12   64   87   16   61   12   63   84   95   42   28   93   93   55   82   17   33   66  
----------------------------------- 
  2 
 25 
 13 
308 
  3   93   71   20   87   42   24   16   74    7   39   95   29   44   33   87   90    2    6   15   73   68   35   18   79  
 61    3   47   87   46   58   83   24   27   73   32   21   24   26   68   89   84   55   86   85    9   63   34   65   32  
----------------------------------- 
  3 
 25 
 13 
364 
 54   39    6   29   31   13   35   24   11   11   58   42   44   16   99   30   34   53   59   72    9    1   52   26   19  
 42    4   70   81   69   36   24   36   91   59   48   81   36   88   51   83   25   82   79   77   63   44   50   97   98  
----------------------------------- 
  4 
 25 
 13 
300 
  6   85   41   39   74   84   47   32   48   14   77   89   58   88   65   73   79    4   12   30   45   35   70   35   58  
 22    5   94   74   91   15   65   48   54   45   64   41   48   51   35   77   67    9   72   69   17   26   67   29   64  
----------------------------------- 
  5 
 25 
 13 
236 
 57   31   76   48   17   55   58   40   85   17   97   36   73   59   31   16   24   55   65   87   81   69   87   44   97  
  3    6   17   67   14   93    6   60   18   32   80    1   59   14   18   71    8   37   65   61   72    7   84   61   29  
----------------------------------- 
  6 
 25 
 13 
364 
  8   77   11   58   61   26   70   47   22   21   16   83   87   31   98   60   68    5   17   44   17    2    4   52   37  
 83    7   40   61   37   72   47   72   81   18   95   61   71   76    2   65   50   64   57   53   26   88  100   93   95  
----------------------------------- 
  7 
 25 
 13 
324 
 60   23   46   67    4   97   82   55   59   24   35   30    2    3   64    3   13   56   70    2   53   36   22   61   76  
 64    8   64   54   59   51   88   84   45    4   11   21   83   39   85   59   91   91   50   45   80   70   17   25   61  
----------------------------------- 
  8 
 25 
 13 
284 
 11   69   81   77   47   68   93   63   96   27   54   78   16   75   30   46   57    7   23   59   89   70   39   69   15  
 44    9   87   48   82   29   29   96    8   90   27   81   95    1   69   53   33   18   43   38   34   51   34   57   27  
----------------------------------- 
  9 
 25 
 13 
268 
 62   15   16   86   91   39    5   71   33   31   73   25   31   47   96   89    2   58   76   16   25    3   56   78   55  
 24   10   10   41    5    8   70    8   71   77   43   42    6   64   52   47   75   45   36   30   88   32   50   89   93  
----------------------------------- 
 10 
 25 
 13 
205 
 13   61   51   96   34   10   16   79   70   34   93   72   45   18   62   32   47    9   29   73   61   37   74   87   94  
  5   12   34   34   27   86   11   20   35   63   59    2   18   27   36   41   16   73   29   22   43   13   67   21   58  
----------------------------------- 
  1 
 25 
 19 
162 
 52   47   36   10   44   71   12    8   37    4   20   48   15   72   67   44   45   51   53   58   37   34   18    9   40  
 81    2   24   94   23   79   42   12   64   87   16   61   12   63   84   95   42   28   93   93   55   82   17   33   66  
----------------------------------- 
  2 
 25 
 19 
154 
  3   93   71   20   87   42   24   16   74    7   39   95   29   44   33   87   90    2    6   15   73   68   35   18   79  
 61    3   47   87   46   58   83   24   27   73   32   21   24   26   68   89   84   55   86   85    9   63   34   65   32  
----------------------------------- 
  3 
 25 
 19 
182 
 54   39    6   29   31   13   35   24   11   11   58   42   44   16   99   30   34   53   59   72    9    1   52   26   19  
 42    4   70   81   69   36   24   36   91   59   48   81   36   88   51   83   25   82   79   77   63   44   50   97   98  
----------------------------------- 
  4 
 25 
 19 
150 
  6   85   41   39   74   84   47   32   48   14   77   89   58   88   65   73   79    4   12   30   45   35   70   35   58  
 22    5   94   74   91   15   65   48   54   45   64   41   48   51   35   77   67    9   72   69   17   26   67   29   64  
----------------------------------- 
  5 
 25 
 19 
118 
 57   31   76   48   17   55   58   40   85   17   97   36   73   59   31   16   24   55   65   87   81   69   87   44   97  
  3    6   17   67   14   93    6   60   18   32   80    1   59   14   18   71    8   37   65   61   72    7   84   61   29  
----------------------------------- 
  6 
 25 
 19 
182 
  8   77   11   58   61   26   70   47   22   21   16   83   87   31   98   60   68    5   17   44   17    2    4   52   37  
 83    7   40   61   37   72   47   72   81   18   95   61   71   76    2   65   50   64   57   53   26   88  100   93   95  
----------------------------------- 
  7 
 25 
 19 
162 
 60   23   46   67    4   97   82   55   59   24   35   30    2    3   64    3   13   56   70    2   53   36   22   61   76  
 64    8   64   54   59   51   88   84   45    4   11   21   83   39   85   59   91   91   50   45   80   70   17   25   61  
----------------------------------- 
  8 
 25 
 19 
142 
 11   69   81   77   47   68   93   63   96   27   54   78   16   75   30   46   57    7   23   59   89   70   39   69   15  
 44    9   87   48   82   29   29   96    8   90   27   81   95    1   69   53   33   18   43   38   34   51   34   57   27  
----------------------------------- 
  9 
 25 
 19 
134 
 62   15   16   86   91   39    5   71   33   31   73   25   31   47   96   89    2   58   76   16   25    3   56   78   55  
 24   10   10   41    5    8   70    8   71   77   43   42    6   64   52   47   75   45   36   30   88   32   50   89   93  
----------------------------------- 
 10 
 25 
 19 
103 
 13   61   51   96   34   10   16   79   70   34   93   72   45   18   62   32   47    9   29   73   61   37   74   87   94  
  5   12   34   34   27   86   11   20   35   63   59    2   18   27   36   41   16   73   29   22   43   13   67   21   58  
