----------------------------------- 
  1 
 20 
  5 
331 
 52   47   36   10   44   71   12    8   37    4   20   48   15   72   67   44   45   51   53   58  
 37   34   18    9   40   81    2   24   94   23   79   42   12   64   87   16   61   12   63   84  
----------------------------------- 
  2 
 20 
  5 
358 
  3   93   71   20   87   42   24   16   74    7   39   95   29   44   33   87   90    2    6   15  
 73   68   35   18   79   61    3   47   87   46   58   83   24   27   73   32   21   24   26   68  
----------------------------------- 
  3 
 20 
  5 
347 
 54   39    6   29   31   13   35   24   11   11   58   42   44   16   99   30   34   53   59   72  
  9    1   52   26   19   42    4   70   81   69   36   24   36   91   59   48   81   36   88   51  
----------------------------------- 
  4 
 20 
  5 
374 
  6   85   41   39   74   84   47   32   48   14   77   89   58   88   65   73   79    4   12   30  
 45   35   70   35   58   22    5   94   74   91   15   65   48   54   45   64   41   48   51   35  
----------------------------------- 
  5 
 20 
  5 
325 
 57   31   76   48   17   55   58   40   85   17   97   36   73   59   31   16   24   55   65   87  
 81   69   87   44   97    3    6   17   67   14   93    6   60   18   32   80    1   59   14   18  
----------------------------------- 
  6 
 20 
  5 
351 
  8   77   11   58   61   26   70   47   22   21   16   83   87   31   98   60   68    5   17   44  
 17    2    4   52   37   83    7   40   61   37   72   47   72   81   18   95   61   71   76    2  
----------------------------------- 
  7 
 20 
  5 
378 
 60   23   46   67    4   97   82   55   59   24   35   30    2    3   64    3   13   56   70    2  
 53   36   22   61   76   64    8   64   54   59   51   88   84   45    4   11   21   83   39   85  
----------------------------------- 
  8 
 20 
  5 
404 
 11   69   81   77   47   68   93   63   96   27   54   78   16   75   30   46   57    7   23   59  
 89   70   39   69   15   44    9   87   48   82   29   29   96    8   90   27   81   95    1   69  
----------------------------------- 
  9 
 20 
  5 
281 
 62   15   16   86   91   39    5   71   33   31   73   25   31   47   96   89    2   58   76   16  
 25    3   56   78   55   24   10   10   41    5    8   70    8   71   77   43   42    6   64   52  
----------------------------------- 
 10 
 20 
  5 
309 
 13   61   51   96   34   10   16   79   70   34   93   72   45   18   62   32   47    9   29   73  
 61   37   74   87   94    5   12   34   34   27   86   11   20   35   63   59    2   18   27   36  
----------------------------------- 
  1 
 20 
 10 
221 
 52   47   36   10   44   71   12    8   37    4   20   48   15   72   67   44   45   51   53   58  
 37   34   18    9   40   81    2   24   94   23   79   42   12   64   87   16   61   12   63   84  
----------------------------------- 
  2 
 20 
 10 
239 
  3   93   71   20   87   42   24   16   74    7   39   95   29   44   33   87   90    2    6   15  
 73   68   35   18   79   61    3   47   87   46   58   83   24   27   73   32   21   24   26   68  
----------------------------------- 
  3 
 20 
 10 
231 
 54   39    6   29   31   13   35   24   11   11   58   42   44   16   99   30   34   53   59   72  
  9    1   52   26   19   42    4   70   81   69   36   24   36   91   59   48   81   36   88   51  
----------------------------------- 
  4 
 20 
 10 
249 
  6   85   41   39   74   84   47   32   48   14   77   89   58   88   65   73   79    4   12   30  
 45   35   70   35   58   22    5   94   74   91   15   65   48   54   45   64   41   48   51   35  
----------------------------------- 
  5 
 20 
 10 
217 
 57   31   76   48   17   55   58   40   85   17   97   36   73   59   31   16   24   55   65   87  
 81   69   87   44   97    3    6   17   67   14   93    6   60   18   32   80    1   59   14   18  
----------------------------------- 
  6 
 20 
 10 
234 
  8   77   11   58   61   26   70   47   22   21   16   83   87   31   98   60   68    5   17   44  
 17    2    4   52   37   83    7   40   61   37   72   47   72   81   18   95   61   71   76    2  
----------------------------------- 
  7 
 20 
 10 
252 
 60   23   46   67    4   97   82   55   59   24   35   30    2    3   64    3   13   56   70    2  
 53   36   22   61   76   64    8   64   54   59   51   88   84   45    4   11   21   83   39   85  
----------------------------------- 
  8 
 20 
 10 
270 
 11   69   81   77   47   68   93   63   96   27   54   78   16   75   30   46   57    7   23   59  
 89   70   39   69   15   44    9   87   48   82   29   29   96    8   90   27   81   95    1   69  
----------------------------------- 
  9 
 20 
 10 
187 
 62   15   16   86   91   39    5   71   33   31   73   25   31   47   96   89    2   58   76   16  
 25    3   56   78   55   24   10   10   41    5    8   70    8   71   77   43   42    6   64   52  
----------------------------------- 
 10 
 20 
 10 
206 
 13   61   51   96   34   10   16   79   70   34   93   72   45   18   62   32   47    9   29   73  
 61   37   74   87   94    5   12   34   34   27   86   11   20   35   63   59    2   18   27   36  
----------------------------------- 
  1 
 20 
 15 
111 
 52   47   36   10   44   71   12    8   37    4   20   48   15   72   67   44   45   51   53   58  
 37   34   18    9   40   81    2   24   94   23   79   42   12   64   87   16   61   12   63   84  
----------------------------------- 
  2 
 20 
 15 
120 
  3   93   71   20   87   42   24   16   74    7   39   95   29   44   33   87   90    2    6   15  
 73   68   35   18   79   61    3   47   87   46   58   83   24   27   73   32   21   24   26   68  
----------------------------------- 
  3 
 20 
 15 
116 
 54   39    6   29   31   13   35   24   11   11   58   42   44   16   99   30   34   53   59   72  
  9    1   52   26   19   42    4   70   81   69   36   24   36   91   59   48   81   36   88   51  
----------------------------------- 
  4 
 20 
 15 
125 
  6   85   41   39   74   84   47   32   48   14   77   89   58   88   65   73   79    4   12   30  
 45   35   70   35   58   22    5   94   74   91   15   65   48   54   45   64   41   48   51   35  
----------------------------------- 
  5 
 20 
 15 
109 
 57   31   76   48   17   55   58   40   85   17   97   36   73   59   31   16   24   55   65   87  
 81   69   87   44   97    3    6   17   67   14   93    6   60   18   32   80    1   59   14   18  
----------------------------------- 
  6 
 20 
 15 
117 
  8   77   11   58   61   26   70   47   22   21   16   83   87   31   98   60   68    5   17   44  
 17    2    4   52   37   83    7   40   61   37   72   47   72   81   18   95   61   71   76    2  
----------------------------------- 
  7 
 20 
 15 
126 
 60   23   46   67    4   97   82   55   59   24   35   30    2    3   64    3   13   56   70    2  
 53   36   22   61   76   64    8   64   54   59   51   88   84   45    4   11   21   83   39   85  
----------------------------------- 
  8 
 20 
 15 
135 
 11   69   81   77   47   68   93   63   96   27   54   78   16   75   30   46   57    7   23   59  
 89   70   39   69   15   44    9   87   48   82   29   29   96    8   90   27   81   95    1   69  
----------------------------------- 
  9 
 20 
 15 
 94 
 62   15   16   86   91   39    5   71   33   31   73   25   31   47   96   89    2   58   76   16  
 25    3   56   78   55   24   10   10   41    5    8   70    8   71   77   43   42    6   64   52  
----------------------------------- 
 10 
 20 
 15 
103 
 13   61   51   96   34   10   16   79   70   34   93   72   45   18   62   32   47    9   29   73  
 61   37   74   87   94    5   12   34   34   27   86   11   20   35   63   59    2   18   27   36  
