----------------------------------- 
  1 
 18 
  5 
280 
 52   47   36   10   44   71   12    8   37    4   20   48   15   72   67   44   45   51  
 53   58   37   34   18    9   40   81    2   24   94   23   79   42   12   64   87   16  
----------------------------------- 
  2 
 18 
  5 
302 
  3   93   71   20   87   42   24   16   74    7   39   95   29   44   33   87   90    2  
  6   15   73   68   35   18   79   61    3   47   87   46   58   83   24   27   73   32  
----------------------------------- 
  3 
 18 
  5 
289 
 54   39    6   29   31   13   35   24   11   11   58   42   44   16   99   30   34   53  
 59   72    9    1   52   26   19   42    4   70   81   69   36   24   36   91   59   48  
----------------------------------- 
  4 
 18 
  5 
312 
  6   85   41   39   74   84   47   32   48   14   77   89   58   88   65   73   79    4  
 12   30   45   35   70   35   58   22    5   94   74   91   15   65   48   54   45   64  
----------------------------------- 
  5 
 18 
  5 
335 
 57   31   76   48   17   55   58   40   85   17   97   36   73   59   31   16   24   55  
 65   87   81   69   87   44   97    3    6   17   67   14   93    6   60   18   32   80  
----------------------------------- 
  6 
 18 
  5 
284 
  8   77   11   58   61   26   70   47   22   21   16   83   87   31   98   60   68    5  
 17   44   17    2    4   52   37   83    7   40   61   37   72   47   72   81   18   95  
----------------------------------- 
  7 
 18 
  5 
308 
 60   23   46   67    4   97   82   55   59   24   35   30    2    3   64    3   13   56  
 70    2   53   36   22   61   76   64    8   64   54   59   51   88   84   45    4   11  
----------------------------------- 
  8 
 18 
  5 
330 
 11   69   81   77   47   68   93   63   96   27   54   78   16   75   30   46   57    7  
 23   59   89   70   39   69   15   44    9   87   48   82   29   29   96    8   90   27  
----------------------------------- 
  9 
 18 
  5 
245 
 62   15   16   86   91   39    5   71   33   31   73   25   31   47   96   89    2   58  
 76   16   25    3   56   78   55   24   10   10   41    5    8   70    8   71   77   43  
----------------------------------- 
 10 
 18 
  5 
304 
 13   61   51   96   34   10   16   79   70   34   93   72   45   18   62   32   47    9  
 29   73   61   37   74   87   94    5   12   34   34   27   86   11   20   35   63   59  
----------------------------------- 
  1 
 18 
  9 
194 
 52   47   36   10   44   71   12    8   37    4   20   48   15   72   67   44   45   51  
 53   58   37   34   18    9   40   81    2   24   94   23   79   42   12   64   87   16  
----------------------------------- 
  2 
 18 
  9 
209 
  3   93   71   20   87   42   24   16   74    7   39   95   29   44   33   87   90    2  
  6   15   73   68   35   18   79   61    3   47   87   46   58   83   24   27   73   32  
----------------------------------- 
  3 
 18 
  9 
200 
 54   39    6   29   31   13   35   24   11   11   58   42   44   16   99   30   34   53  
 59   72    9    1   52   26   19   42    4   70   81   69   36   24   36   91   59   48  
----------------------------------- 
  4 
 18 
  9 
216 
  6   85   41   39   74   84   47   32   48   14   77   89   58   88   65   73   79    4  
 12   30   45   35   70   35   58   22    5   94   74   91   15   65   48   54   45   64  
----------------------------------- 
  5 
 18 
  9 
232 
 57   31   76   48   17   55   58   40   85   17   97   36   73   59   31   16   24   55  
 65   87   81   69   87   44   97    3    6   17   67   14   93    6   60   18   32   80  
----------------------------------- 
  6 
 18 
  9 
197 
  8   77   11   58   61   26   70   47   22   21   16   83   87   31   98   60   68    5  
 17   44   17    2    4   52   37   83    7   40   61   37   72   47   72   81   18   95  
----------------------------------- 
  7 
 18 
  9 
213 
 60   23   46   67    4   97   82   55   59   24   35   30    2    3   64    3   13   56  
 70    2   53   36   22   61   76   64    8   64   54   59   51   88   84   45    4   11  
----------------------------------- 
  8 
 18 
  9 
229 
 11   69   81   77   47   68   93   63   96   27   54   78   16   75   30   46   57    7  
 23   59   89   70   39   69   15   44    9   87   48   82   29   29   96    8   90   27  
----------------------------------- 
  9 
 18 
  9 
169 
 62   15   16   86   91   39    5   71   33   31   73   25   31   47   96   89    2   58  
 76   16   25    3   56   78   55   24   10   10   41    5    8   70    8   71   77   43  
----------------------------------- 
 10 
 18 
  9 
211 
 13   61   51   96   34   10   16   79   70   34   93   72   45   18   62   32   47    9  
 29   73   61   37   74   87   94    5   12   34   34   27   86   11   20   35   63   59  
----------------------------------- 
  1 
 18 
 14 
106 
 71   40   53   11   21   38   13   91   53   89   24   69   15   41   59   13   37   74  
  4   80   20   28   83   32   36   71   76   97    3   73   87   65   36   68   60   27  
----------------------------------- 
  2 
 18 
 14 
 93 
  3   93   71   20   87   42   24   16   74    7   39   95   29   44   33   87   90    2  
  6   15   73   68   35   18   79   61    3   47   87   46   58   83   24   27   73   32  
----------------------------------- 
  3 
 18 
 14 
121 
 50   82   58   77   19   92   80   38   51   84   72   82   34   28   63   81   42   41  
 98   33   41   72   66   75   38   73   94   91   27   30   25   66   58   91   39   64  
----------------------------------- 
  4 
 18 
 14 
 96 
  6   85   41   39   74   84   47   32   48   14   77   89   58   88   65   73   79    4  
 12   30   45   35   70   35   58   22    5   94   74   91   15   65   48   54   45   64  
----------------------------------- 
  5 
 18 
 14 
103 
 57   31   76   48   17   55   58   40   85   17   97   36   73   59   31   16   24   55  
 65   87   81   69   87   44   97    3    6   17   67   14   93    6   60   18   32   80  
----------------------------------- 
  6 
 18 
 14 
 92 
 61   71   76    2   65   50   64   57   53   26   88  100   93   95    2   78   72   77  
 74   30   42   82   18   87    8   48   27   86   47   54   28   63    7   32    5   84  
----------------------------------- 
  7 
 18 
 14 
 95 
 60   23   46   67    4   97   82   55   59   24   35   30    2    3   64    3   13   56  
 70    2   53   36   22   61   76   64    8   64   54   59   51   88   84   45    4   11  
----------------------------------- 
  8 
 18 
 14 
102 
 11   69   81   77   47   68   93   63   96   27   54   78   16   75   30   46   57    7  
 23   59   89   70   39   69   15   44    9   87   48   82   29   29   96    8   90   27  
----------------------------------- 
  9 
 18 
 14 
125 
 50   46   73   30   57   74   39   13   52   51   16   46  100   82   89   41   25   22  
 94   97   22   15   98   23   13   18   80   72   79   90   75   96   74   73   16   90  
----------------------------------- 
 10 
 18 
 14 
 94 
 13   61   51   96   34   10   16   79   70   34   93   72   45   18   62   32   47    9  
 29   73   61   37   74   87   94    5   12   34   34   27   86   11   20   35   63   59  
